0 0.6177847113884557 0.5475819032761308 0.11700468018720735 0.11856474258970326
0 0.13514040561622445 0.5319812792511699 0.14391575663026474 0.2215288611544465
0 0.3346333853354131 0.5319812792511699 0.128705148205928 0.2215288611544465
0 0.11992979719188761 0.4149765990639625 0.07137285491419652 0.02808112324492979
0 0.1497659906396253 0.38611544461778474 0.06318252730109193 0.04212168486739485
0 0.21762870514820562 0.3408736349453973 0.09360374414976617 0.08268330733229262
0 0.2615054602184082 0.45787831513260485 0.16497659906396245 0.21684867394695734
0 0.4218018720748832 0.44227769110764464 0.13221528861154475 0.17628705148205925
0 0.5446567862714504 0.4656786271450858 0.1251950078003121 0.15132605304212166
0 0.6347503900156005 0.45943837753510175 0.07137285491419643 0.06084243369734739
0 0.6651716068642746 0.4399375975038998 0.15561622464898564 0.21216848673946928
0 0.7061232449297961 0.3213728549141965 0.09243369734789372 0.06864274570982826
0 0.7494149765990628 0.34633385335413414 0.07137285491419754 0.18096723868954767
0 0.8079173166926665 0.3837753510140405 0.06669266770670822 0.11544461778471128
0 0.8997659906396244 0.3564742589703589 0.1287051482059279 0.1887675507020278
0 0.9561232449297974 0.4009360374414975 0.08775351014040575 0.19344773790951653
