0 0.7745709828393135 0.6185647425897036 0.24336973478939133 0.1482059282371295
0 0.7382995319812784 0.47191887675507016 0.112324492979719 0.15132605304212185
0 0.6271450858034319 0.4266770670826835 0.08892355694227777 0.2667706708268334
0 0.539976599063962 0.4305772230889236 0.08775351014040556 0.21216848673946953
0 0.502535101404056 0.6045241809672386 0.09477379095163789 0.1294851794071762
0 0.41302652106084214 0.6630265210608424 0.10530421216848666 0.07176287051482037
0 0.41244149765990634 0.6177847113884556 0.0035101404056162265 0.018720748829953067
0 0.2890015600624019 0.5733229329173148 0.13806552262090419 0.21996879875195005
0 0.19890795631825256 0.5179407176287051 0.060842433697347854 0.07176287051482069
0 0.15678627145085783 0.6084243369734789 0.12870514820592796 0.11856474258970366
0 0.35452418096723853 0.4243369734789388 0.08658346333853334 0.21216848673946948
0 0.4481279251170044 0.2698907956318253 0.08424336973478931 0.15912636505460218
